Caio
MovieAvg
0.0,0.0,0.0,0.0,0.0,0.0,0.0,0.0,0.0,0.0,0.0,0.0,0.0,0.0,0.0,0.0,0.0,0.0,0.0,0.0
0.0,0.0,0.0,0.0,0.0,0.0,0.0,0.0,0.0,0.0,0.0,0.0,0.0,0.0,0.0,0.0,0.0,0.0,0.0,0.0
TopPop
0.0,0.0,0.0,0.0,0.0,0.0,0.0,0.0,0.0,0.0,0.0,0.0,0.0,0.0,0.0,0.0,0.0,0.0,0.0,0.0
0.0,0.0,0.0,0.0,0.0,0.0,0.0,0.0,0.0,0.0,0.0,0.0,0.0,0.0,0.0,0.0,0.0,0.0,0.0,0.0
NNCorNgbr
0.0,0.0044742729306487695,0.0044742729306487695,0.0022371364653243847,0.008948545861297539,0.0022371364653243847,0.006711409395973154,0.006711409395973154,0.006711409395973154,0.008948545861297539,0.008948545861297539,0.011185682326621925,0.008948545861297539,0.006711409395973154,0.008948545861297539,0.011185682326621925,0.011185682326621925,0.011185682326621925,0.011185682326621925,0.011185682326621925
0.0,0.0022371364653243847,0.0014914243102162564,0.0005592841163310962,0.0017897091722595079,0.0003728560775540641,0.0009587727708533077,0.0008389261744966443,0.0007457121551081282,0.0008948545861297539,0.0008135041692088671,0.0009321401938851603,0.0006883496816382722,0.00047938638542665386,0.0005965697240865026,0.0006991051454138703,0.0006579813133307014,0.0006214267959234402,0.0005887201224537855,0.0005592841163310962
CorNgbr
0.0,0.0,0.0,0.0,0.0,0.0022371364653243847,0.0022371364653243847,0.0022371364653243847,0.0,0.0,0.0,0.0,0.0044742729306487695,0.0,0.0022371364653243847,0.0,0.0044742729306487695,0.0,0.0,0.0022371364653243847
0.0,0.0,0.0,0.0,0.0,0.0003728560775540641,0.00031959092361776926,0.0002796420581655481,0.0,0.0,0.0,0.0,0.0003441748408191361,0.0,0.00014914243102162565,0.0,0.00026319252533228054,0.0,0.0,0.00011185682326621924
SVD50
0.008948545861297539,0.03355704697986577,0.029082774049217,0.053691275167785234,0.05145413870246085,0.08277404921700224,0.10067114093959731,0.09395973154362416,0.11409395973154363,0.14317673378076062,0.14317673378076062,0.1610738255033557,0.16554809843400448,0.19463087248322147,0.18344519015659955,0.19910514541387025,0.21029082774049218,0.2058165548098434,0.22371364653243847,0.22595078299776286
0.008948545861297539,0.016778523489932886,0.009694258016405667,0.013422818791946308,0.01029082774049217,0.013795674869500374,0.014381591562799615,0.01174496644295302,0.01267710663683818,0.014317673378076063,0.013016066707341874,0.013422818791946308,0.012734469110308037,0.013902205177372963,0.012229679343773303,0.012444071588366891,0.012370048690617187,0.0114342530449913,0.011774402449075709,0.011297539149888142
SVD150
0.02237136465324385,0.017897091722595078,0.03355704697986577,0.058165548098434,0.08053691275167785,0.0894854586129754,0.09172259507829977,0.1297539149888143,0.12304250559284116,0.1297539149888143,0.14988814317673377,0.15659955257270694,0.14988814317673377,0.16778523489932887,0.17002237136465326,0.18120805369127516,0.19239373601789708,0.20134228187919462,0.19463087248322147,0.2080536912751678
0.02237136465324385,0.008948545861297539,0.011185682326621925,0.0145413870246085,0.01610738255033557,0.014914243102162566,0.01310322786832854,0.01621923937360179,0.013671389510315685,0.01297539149888143,0.013626194834248524,0.013049962714392245,0.011529857167441059,0.011984659635666348,0.01133482475764355,0.011325503355704697,0.011317278589288063,0.011185682326621923,0.010243730130695867,0.01040268456375839
SVD++
0.020134228187919462,0.026845637583892617,0.040268456375838924,0.0447427293064877,0.06040268456375839,0.058165548098434,0.07606263982102908,0.09843400447427293,0.09395973154362416,0.10738255033557047,0.10067114093959731,0.12527964205816555,0.13870246085011187,0.14541387024608501,0.14988814317673377,0.15436241610738255,0.17225950782997762,0.18120805369127516,0.18568232662192394,0.20134228187919462
0.020134228187919462,0.013422818791946308,0.013422818791946308,0.011185682326621925,0.01208053691275168,0.009694258016405667,0.010866091403004154,0.012304250559284116,0.010439970171513796,0.010738255033557046,0.009151921903599756,0.010439970171513796,0.010669420065393221,0.010386705017577502,0.009992542878448918,0.00964765100671141,0.010132912225292801,0.010067114093959731,0.009772754032732839,0.010067114093959731
AsymSVD
0.015659955257270694,0.02237136465324385,0.040268456375838924,0.06040268456375839,0.06935123042505593,0.087248322147651,0.10514541387024609,0.1185682326621924,0.12527964205816555,0.1319910514541387,0.13870246085011187,0.1476510067114094,0.16554809843400448,0.174496644295302,0.18568232662192394,0.174496644295302,0.21029082774049218,0.19686800894854586,0.21252796420581654,0.22371364653243847
0.015659955257270694,0.011185682326621925,0.013422818791946308,0.015100671140939598,0.013870246085011187,0.0145413870246085,0.015020773410035156,0.01482102908277405,0.01391996022868506,0.01319910514541387,0.012609314622737443,0.012304250559284116,0.012734469110308037,0.012464046021093,0.01237882177479493,0.010906040268456376,0.012370048690617187,0.010937111608252548,0.011185682326621923,0.011185682326621923
MovieAvg
0.0,0.0,0.0,0.0,0.0,0.0,0.0,0.0,0.0,0.0,0.0,0.0,0.0,0.0,0.0,0.0,0.0,0.0,0.0,0.0
0.0,0.0,0.0,0.0,0.0,0.0,0.0,0.0,0.0,0.0,0.0,0.0,0.0,0.0,0.0,0.0,0.0,0.0,0.0,0.0
TopPop
0.0,0.0,0.0,0.0,0.0,0.0,0.0,0.0,0.0,0.0,0.0,0.0,0.0,0.0,0.0,0.0,0.0,0.0,0.0,0.0
0.0,0.0,0.0,0.0,0.0,0.0,0.0,0.0,0.0,0.0,0.0,0.0,0.0,0.0,0.0,0.0,0.0,0.0,0.0,0.0
NNCorNgbr
0.0,0.0,0.003246753246753247,0.0,0.003246753246753247,0.003246753246753247,0.003246753246753247,0.006493506493506494,0.003246753246753247,0.006493506493506494,0.006493506493506494,0.006493506493506494,0.003246753246753247,0.006493506493506494,0.00974025974025974,0.00974025974025974,0.006493506493506494,0.012987012987012988,0.016233766233766232,0.00974025974025974
0.0,0.0,0.0010822510822510823,0.0,0.0006493506493506494,0.0005411255411255411,0.00046382189239332097,0.0008116883116883117,0.00036075036075036075,0.0006493506493506494,0.000590318772136954,0.0005411255411255411,0.00024975024975024975,0.00046382189239332097,0.0006493506493506494,0.0006087662337662338,0.00038197097020626437,0.0007215007215007215,0.0008544087491455911,0.000487012987012987
CorNgbr
0.0,0.0,0.0,0.0,0.0,0.0,0.0,0.0,0.0,0.0,0.0,0.0,0.0,0.0,0.0,0.0,0.003246753246753247,0.0,0.0,0.0
0.0,0.0,0.0,0.0,0.0,0.0,0.0,0.0,0.0,0.0,0.0,0.0,0.0,0.0,0.0,0.0,0.00019098548510313219,0.0,0.0,0.0
SVD50
0.00974025974025974,0.012987012987012988,0.03571428571428571,0.05519480519480519,0.05194805194805195,0.07142857142857142,0.06493506493506493,0.1038961038961039,0.09740259740259741,0.11688311688311688,0.12012987012987013,0.11688311688311688,0.1331168831168831,0.13636363636363635,0.1396103896103896,0.1590909090909091,0.16233766233766234,0.16558441558441558,0.18181818181818182,0.18831168831168832
0.00974025974025974,0.006493506493506494,0.011904761904761904,0.013798701298701298,0.01038961038961039,0.011904761904761904,0.009276437847866418,0.012987012987012988,0.010822510822510824,0.011688311688311689,0.010920897284533647,0.00974025974025974,0.010239760239760238,0.00974025974025974,0.009307359307359308,0.009943181818181818,0.009549274255156608,0.0091991341991342,0.009569377990430622,0.009415584415584415
SVD150
0.006493506493506494,0.025974025974025976,0.03896103896103896,0.048701298701298704,0.06168831168831169,0.07467532467532467,0.08116883116883117,0.08441558441558442,0.09090909090909091,0.10714285714285714,0.1038961038961039,0.12337662337662338,0.1266233766233766,0.12337662337662338,0.12987012987012986,0.12987012987012986,0.1396103896103896,0.1396103896103896,0.1525974025974026,0.1590909090909091
0.006493506493506494,0.012987012987012988,0.012987012987012986,0.012175324675324676,0.012337662337662338,0.012445887445887446,0.011595547309833023,0.010551948051948052,0.010101010101010102,0.010714285714285714,0.009445100354191265,0.010281385281385282,0.00974025974025974,0.008812615955473098,0.008658008658008658,0.008116883116883116,0.008212375859434682,0.007756132756132756,0.008031442241968558,0.007954545454545454
SVD++
0.006493506493506494,0.00974025974025974,0.01948051948051948,0.025974025974025976,0.045454545454545456,0.05194805194805195,0.06818181818181818,0.08116883116883117,0.08116883116883117,0.09090909090909091,0.09740259740259741,0.11038961038961038,0.11363636363636363,0.1331168831168831,0.13636363636363635,0.1396103896103896,0.16233766233766234,0.16233766233766234,0.16233766233766234,0.17532467532467533
0.006493506493506494,0.00487012987012987,0.006493506493506493,0.006493506493506494,0.00909090909090909,0.008658008658008658,0.00974025974025974,0.010146103896103896,0.009018759018759018,0.00909090909090909,0.00885478158205431,0.009199134199134198,0.00874125874125874,0.009508348794063079,0.00909090909090909,0.00872564935064935,0.009549274255156608,0.009018759018759018,0.008544087491455913,0.008766233766233766
AsymSVD
0.00974025974025974,0.016233766233766232,0.02922077922077922,0.02922077922077922,0.04220779220779221,0.05844155844155844,0.08116883116883117,0.08116883116883117,0.08116883116883117,0.11363636363636363,0.10714285714285714,0.12012987012987013,0.12012987012987013,0.11688311688311688,0.1331168831168831,0.15584415584415584,0.1461038961038961,0.16233766233766234,0.15584415584415584,0.17207792207792208
0.00974025974025974,0.008116883116883116,0.00974025974025974,0.007305194805194805,0.008441558441558441,0.00974025974025974,0.011595547309833023,0.010146103896103896,0.009018759018759018,0.011363636363636364,0.00974025974025974,0.01001082251082251,0.00924075924075924,0.008348794063079777,0.008874458874458873,0.00974025974025974,0.008594346829640947,0.009018759018759018,0.008202323991797676,0.008603896103896103


FilmTrust
MovieAvg
0.01893095768374165,0.01893095768374165,0.01893095768374165,0.01893095768374165,0.01893095768374165,0.01893095768374165,0.01893095768374165,0.01893095768374165,0.01893095768374165,0.01893095768374165,0.01893095768374165,0.01893095768374165,0.01893095768374165,0.01893095768374165,0.01893095768374165,0.01893095768374165,0.01893095768374165,0.01893095768374165,0.01893095768374165,0.01893095768374165
0.01893095768374165,0.009465478841870824,0.006310319227913883,0.004732739420935412,0.0037861915367483298,0.0031551596139569415,0.002704422526248807,0.002366369710467706,0.002103439742637961,0.0018930957683741649,0.0017209961530674225,0.0015775798069784708,0.0014562275141339729,0.0013522112631244034,0.0012620638455827767,0.001183184855233853,0.0011135857461024498,0.0010517198713189805,0.0009963661938811395,0.0009465478841870824
TopPop
0.0,0.0011135857461024498,0.0011135857461024498,0.0011135857461024498,0.0011135857461024498,0.0011135857461024498,0.0011135857461024498,0.0011135857461024498,0.0011135857461024498,0.0022271714922048997,0.0022271714922048997,0.005567928730512249,0.0066815144766146995,0.0066815144766146995,0.0066815144766146995,0.0066815144766146995,0.0066815144766146995,0.0066815144766146995,0.0066815144766146995,0.0066815144766146995
0.0,0.0005567928730512249,0.0003711952487008166,0.00027839643652561246,0.00022271714922048996,0.0001855976243504083,0.0001590836780146357,0.00013919821826280623,0.00012373174956693887,0.00022271714922048996,0.00020247013565499088,0.00046399406087602077,0.0005139626520472846,0.0004772510340439071,0.00044543429844097997,0.0004175946547884187,0.0003930302633302764,0.0003711952487008166,0.00035165865666393154,0.00033407572383073496
NNCorNgbr
0.0,0.0,0.0011135857461024498,0.0,0.0,0.0,0.0,0.0011135857461024498,0.0011135857461024498,0.0011135857461024498,0.0011135857461024498,0.0011135857461024498,0.0011135857461024498,0.0011135857461024498,0.0011135857461024498,0.0011135857461024498,0.0022271714922048997,0.0022271714922048997,0.0011135857461024498,0.0022271714922048997
0.0,0.0,0.0003711952487008166,0.0,0.0,0.0,0.0,0.00013919821826280623,0.00012373174956693887,0.00011135857461024498,0.00010123506782749544,9.279881217520415e-05,8.566044200788075e-05,7.954183900731785e-05,7.423904974016333e-05,6.959910913140311e-05,0.0001310100877767588,0.00012373174956693887,5.8609776110655256e-05,0.00011135857461024498
CorNgbr
0.0,0.0,0.0011135857461024498,0.0,0.0,0.0,0.0011135857461024498,0.0011135857461024498,0.0022271714922048997,0.0022271714922048997,0.0011135857461024498,0.0011135857461024498,0.0011135857461024498,0.0066815144766146995,0.0022271714922048997,0.0011135857461024498,0.004454342984409799,0.004454342984409799,0.0033407572383073497,0.0033407572383073497
0.0,0.0,0.0003711952487008166,0.0,0.0,0.0,0.0001590836780146357,0.00013919821826280623,0.00024746349913387774,0.00022271714922048996,0.00010123506782749544,9.279881217520415e-05,8.566044200788075e-05,0.0004772510340439071,0.00014847809948032666,6.959910913140311e-05,0.0002620201755535176,0.00024746349913387774,0.00017582932833196577,0.00016703786191536748
SVD50
0.0077951002227171495,0.0200445434298441,0.028953229398663696,0.031180400890868598,0.043429844097995544,0.045657015590200446,0.045657015590200446,0.05902004454342984,0.0645879732739421,0.061247216035634745,0.07238307349665925,0.07126948775055679,0.0757238307349666,0.07683741648106904,0.08240534521158129,0.08463251670378619,0.09242761692650334,0.09242761692650334,0.09465478841870824,0.10133630289532294
0.0077951002227171495,0.01002227171492205,0.009651076466221232,0.0077951002227171495,0.00868596881959911,0.007609502598366741,0.006522430798600064,0.00737750556792873,0.007176441474882455,0.006124721603563475,0.006580279408787204,0.005939123979213066,0.005824910056535891,0.005488386891504931,0.005493689680772086,0.005289532293986637,0.0054369186427354905,0.005134867607027963,0.004981830969405697,0.0050668151447661475
SVD150
0.0077951002227171495,0.013363028953229399,0.022271714922048998,0.02783964365256125,0.0334075723830735,0.0334075723830735,0.036748329621380846,0.0400890868596882,0.04788418708240535,0.04899777282850779,0.05790645879732739,0.060133630289532294,0.06904231625835189,0.06792873051224944,0.08240534521158129,0.08463251670378619,0.08797327394209355,0.09465478841870824,0.10244988864142539,0.10690423162583519
0.0077951002227171495,0.0066815144766146995,0.007423904974016332,0.006959910913140312,0.0066815144766147,0.00556792873051225,0.005249761374482978,0.005011135857461025,0.005320465231378372,0.004899777282850779,0.005264223527029763,0.005011135857461025,0.0053109474044886066,0.004852052179446389,0.005493689680772086,0.005289532293986637,0.0051748984671819735,0.005258599356594902,0.005392099402180284,0.005345211581291759
SVD++
0.005567928730512249,0.0066815144766146995,0.014476614699331848,0.01893095768374165,0.022271714922048998,0.024498886414253896,0.03229398663697105,0.03229398663697105,0.0334075723830735,0.03897550111358575,0.0400890868596882,0.04899777282850779,0.0467706013363029,0.05679287305122494,0.0556792873051225,0.060133630289532294,0.05679287305122494,0.0645879732739421,0.06347438752783964,0.06904231625835189
0.005567928730512249,0.0033407572383073497,0.004825538233110616,0.004732739420935412,0.004454342984409799,0.004083147735708983,0.004613426662424436,0.004036748329621381,0.0037119524870081666,0.0038975501113585748,0.0036444624417898363,0.004083147735708983,0.003597738564330992,0.0040566337893732105,0.0037119524870081666,0.0037583518930957684,0.0033407572383073493,0.0035882207374412275,0.0033407572383073493,0.0034521158129175943
AsymSVD
0.008908685968819599,0.01893095768374165,0.030066815144766147,0.03229398663697105,0.0378619153674833,0.042316258351893093,0.044543429844097995,0.053452115812917596,0.05902004454342984,0.062360801781737196,0.07015590200445435,0.07015590200445435,0.08463251670378619,0.08351893095768374,0.08797327394209355,0.08685968819599109,0.0957683741648107,0.10133630289532294,0.10801781737193764,0.10801781737193764
0.008908685968819599,0.009465478841870824,0.01002227171492205,0.008073496659242762,0.0075723830734966595,0.007052709725315516,0.006363347120585428,0.0066815144766146995,0.00655778272704776,0.0062360801781737195,0.006377809273132213,0.005846325167037862,0.006510193592598938,0.005965637925548839,0.005864884929472903,0.005428730512249443,0.005633433774400629,0.005629794605295719,0.00568514828273356,0.005400890868596882
MovieAvg
0.05555555555555555,0.05555555555555555,0.05555555555555555,0.05555555555555555,0.05555555555555555,0.05555555555555555,0.05555555555555555,0.05555555555555555,0.05555555555555555,0.05555555555555555,0.05555555555555555,0.05555555555555555,0.05555555555555555,0.05555555555555555,0.05555555555555555,0.05555555555555555,0.05555555555555555,0.05555555555555555,0.05555555555555555,0.05555555555555555
0.05555555555555555,0.027777777777777776,0.018518518518518517,0.013888888888888888,0.01111111111111111,0.009259259259259259,0.007936507936507936,0.006944444444444444,0.006172839506172839,0.005555555555555555,0.00505050505050505,0.004629629629629629,0.004273504273504273,0.003968253968253968,0.0037037037037037034,0.003472222222222222,0.00326797385620915,0.0030864197530864196,0.0029239766081871343,0.0027777777777777775
TopPop
0.0,0.0,0.0,0.0,0.0,0.011111111111111112,0.011111111111111112,0.011111111111111112,0.011111111111111112,0.011111111111111112,0.011111111111111112,0.011111111111111112,0.011111111111111112,0.011111111111111112,0.011111111111111112,0.011111111111111112,0.011111111111111112,0.011111111111111112,0.011111111111111112,0.011111111111111112
0.0,0.0,0.0,0.0,0.0,0.001851851851851852,0.0015873015873015873,0.001388888888888889,0.0012345679012345679,0.0011111111111111111,0.00101010101010101,0.000925925925925926,0.0008547008547008547,0.0007936507936507937,0.0007407407407407408,0.0006944444444444445,0.0006535947712418301,0.0006172839506172839,0.0005847953216374269,0.0005555555555555556
NNCorNgbr
0.0,0.0,0.0,0.0,0.0,0.0,0.0,0.0,0.0,0.0,0.0,0.0,0.0,0.0,0.0,0.0,0.0,0.0,0.0,0.0
0.0,0.0,0.0,0.0,0.0,0.0,0.0,0.0,0.0,0.0,0.0,0.0,0.0,0.0,0.0,0.0,0.0,0.0,0.0,0.0
CorNgbr
0.0,0.0,0.011111111111111112,0.0,0.0,0.0,0.0,0.011111111111111112,0.011111111111111112,0.0,0.011111111111111112,0.0,0.0,0.0,0.022222222222222223,0.011111111111111112,0.022222222222222223,0.022222222222222223,0.0,0.0
0.0,0.0,0.003703703703703704,0.0,0.0,0.0,0.0,0.001388888888888889,0.0012345679012345679,0.0,0.00101010101010101,0.0,0.0,0.0,0.0014814814814814816,0.0006944444444444445,0.0013071895424836603,0.0012345679012345679,0.0,0.0
SVD50
0.0,0.0,0.0,0.0,0.0,0.0,0.0,0.022222222222222223,0.022222222222222223,0.022222222222222223,0.022222222222222223,0.022222222222222223,0.03333333333333333,0.03333333333333333,0.044444444444444446,0.06666666666666667,0.05555555555555555,0.06666666666666667,0.08888888888888889,0.08888888888888889
0.0,0.0,0.0,0.0,0.0,0.0,0.0,0.002777777777777778,0.0024691358024691358,0.0022222222222222222,0.00202020202020202,0.001851851851851852,0.002564102564102564,0.0023809523809523807,0.0029629629629629632,0.004166666666666667,0.00326797385620915,0.003703703703703704,0.004678362573099415,0.0044444444444444444
SVD150
0.0,0.011111111111111112,0.011111111111111112,0.011111111111111112,0.011111111111111112,0.03333333333333333,0.022222222222222223,0.011111111111111112,0.03333333333333333,0.03333333333333333,0.044444444444444446,0.03333333333333333,0.044444444444444446,0.03333333333333333,0.05555555555555555,0.044444444444444446,0.05555555555555555,0.06666666666666667,0.06666666666666667,0.06666666666666667
0.0,0.005555555555555556,0.003703703703703704,0.002777777777777778,0.0022222222222222222,0.005555555555555556,0.0031746031746031746,0.001388888888888889,0.003703703703703704,0.003333333333333333,0.00404040404040404,0.002777777777777778,0.003418803418803419,0.0023809523809523807,0.0037037037037037034,0.002777777777777778,0.00326797385620915,0.003703703703703704,0.0035087719298245615,0.003333333333333333
SVD++
0.0,0.0,0.0,0.0,0.011111111111111112,0.011111111111111112,0.0,0.022222222222222223,0.022222222222222223,0.022222222222222223,0.022222222222222223,0.022222222222222223,0.011111111111111112,0.022222222222222223,0.022222222222222223,0.044444444444444446,0.03333333333333333,0.03333333333333333,0.05555555555555555,0.044444444444444446
0.0,0.0,0.0,0.0,0.0022222222222222222,0.001851851851851852,0.0,0.002777777777777778,0.0024691358024691358,0.0022222222222222222,0.00202020202020202,0.001851851851851852,0.0008547008547008547,0.0015873015873015873,0.0014814814814814816,0.002777777777777778,0.00196078431372549,0.001851851851851852,0.0029239766081871343,0.0022222222222222222
AsymSVD
0.0,0.0,0.0,0.011111111111111112,0.0,0.0,0.022222222222222223,0.022222222222222223,0.022222222222222223,0.03333333333333333,0.044444444444444446,0.05555555555555555,0.07777777777777778,0.05555555555555555,0.06666666666666667,0.06666666666666667,0.07777777777777778,0.07777777777777778,0.07777777777777778,0.07777777777777778
0.0,0.0,0.0,0.002777777777777778,0.0,0.0,0.0031746031746031746,0.002777777777777778,0.0024691358024691358,0.003333333333333333,0.00404040404040404,0.004629629629629629,0.005982905982905983,0.003968253968253968,0.0044444444444444444,0.004166666666666667,0.004575163398692811,0.004320987654320988,0.004093567251461989,0.0038888888888888888


Netflix
MovieAvg
7.720815318097592e-05,7.720815318097592e-05,7.720815318097592e-05,7.720815318097592e-05,7.720815318097592e-05,7.720815318097592e-05,7.720815318097592e-05,7.720815318097592e-05,7.720815318097592e-05,7.720815318097592e-05,7.720815318097592e-05,7.720815318097592e-05,7.720815318097592e-05,7.720815318097592e-05,7.720815318097592e-05,7.720815318097592e-05,7.720815318097592e-05,7.720815318097592e-05,7.720815318097592e-05,7.720815318097592e-05
7.720815318097592e-05,3.860407659048796e-05,2.5736051060325305e-05,1.930203829524398e-05,1.5441630636195185e-05,1.2868025530162653e-05,1.1029736168710846e-05,9.65101914762199e-06,8.578683686775101e-06,7.720815318097592e-06,7.018923016452356e-06,6.434012765081326e-06,5.9390887062289165e-06,5.514868084355423e-06,5.147210212065061e-06,4.825509573810995e-06,4.541656069469171e-06,4.289341843387551e-06,4.063587009525048e-06,3.860407659048796e-06
TopPop
7.720815318097592e-05,7.720815318097592e-05,7.720815318097592e-05,7.720815318097592e-05,7.720815318097592e-05,0.00038604076590487954,0.00038604076590487954,0.00038604076590487954,0.00038604076590487954,0.00038604076590487954,0.00038604076590487954,0.00038604076590487954,0.00038604076590487954,0.00038604076590487954,0.00038604076590487954,0.00038604076590487954,0.004092032118591723,0.004092032118591723,0.004092032118591723,0.004092032118591723
7.720815318097592e-05,3.860407659048796e-05,2.5736051060325305e-05,1.930203829524398e-05,1.5441630636195185e-05,6.434012765081326e-05,5.514868084355422e-05,4.825509573810994e-05,4.2893418433875505e-05,3.860407659048795e-05,3.5094615082261775e-05,3.217006382540663e-05,2.969544353114458e-05,2.757434042177711e-05,2.5736051060325302e-05,2.412754786905497e-05,0.00024070777168186606,0.00022733511769954017,0.00021537011150482753,0.00020460160592958616
NNCorNgbr
0.0,0.0,7.720815318097592e-05,0.00015441630636195183,7.720815318097592e-05,7.720815318097592e-05,0.00015441630636195183,0.00023162445954292774,0.00015441630636195183,0.00023162445954292774,0.00015441630636195183,0.00023162445954292774,0.00023162445954292774,0.0005404570722668313,0.00038604076590487954,0.00015441630636195183,0.00015441630636195183,0.00023162445954292774,0.00015441630636195183,0.00030883261272390367
0.0,0.0,2.5736051060325305e-05,3.860407659048796e-05,1.5441630636195185e-05,1.2868025530162653e-05,2.205947233742169e-05,2.8953057442865967e-05,1.7157367373550202e-05,2.3162445954292774e-05,1.4037846032904711e-05,1.930203829524398e-05,1.7817266118686748e-05,3.860407659048795e-05,2.5736051060325302e-05,9.65101914762199e-06,9.083312138938343e-06,1.2868025530162653e-05,8.127174019050096e-06,1.5441630636195185e-05
CorNgbr
0.00023162445954292774,0.0005404570722668313,0.0019302038295243979,0.0023162445954292774,0.004014823965410748,0.006562693020382953,0.0074119827053736875,0.010345892526250773,0.012893761581222978,0.014823965410747375,0.017140210006176652,0.02061457689932057,0.02362569487337863,0.025787523162445956,0.03126930203829524,0.034589252625077206,0.03605620753551575,0.040302655960469426,0.04215565163681285,0.04593885114268067
0.00023162445954292774,0.0002702285361334157,0.0006434012765081326,0.0005790611488573193,0.0008029647930821495,0.0010937821700638254,0.001058854672196241,0.0012932365657813466,0.001432640175691442,0.0014823965410747375,0.0015582009096524229,0.001717881408276714,0.0018173611441060485,0.0018419659401747112,0.002084620135886349,0.0021618282890673254,0.002120953384442103,0.0022390364422483016,0.002218718507200676,0.0022969425571340335
